   -180.00   -0.0459    0.0060
   -179.00    0.0485    0.0065
   -178.00    0.1429    0.0080
   -177.00    0.2373    0.0106
   -176.00    0.3317    0.0141
   -175.00    0.4261    0.0187
   -174.00    0.5204    0.0242
   -173.00    0.6098    0.0308
   -172.00    0.6754    0.0383
   -171.00    0.6897    0.0469
   -170.00    0.6484    0.0564
   -169.00    0.5825    0.0668
   -168.00    0.5248    0.0783
   -167.00    0.4874    0.0906
   -166.00    0.4685    0.1039
   -165.00    0.4628    0.1181
   -164.00    0.4658    0.1332
   -163.00    0.4743    0.1492
   -162.00    0.4860    0.1660
   -161.00    0.4998    0.1836
   -160.00    0.5146    0.2021
   -159.00    0.5298    0.2214
   -158.00    0.5452    0.2415
   -157.00    0.5603    0.2623
   -156.00    0.5750    0.2838
   -155.00    0.5891    0.3060
   -154.00    0.6026    0.3289
   -153.00    0.6153    0.3525
   -152.00    0.6272    0.3766
   -151.00    0.6383    0.4014
   -150.00    0.6484    0.4267
   -149.00    0.6577    0.4525
   -148.00    0.6660    0.4789
   -147.00    0.6734    0.5057
   -146.00    0.6798    0.5329
   -145.00    0.6852    0.5606
   -144.00    0.6897    0.5886
   -143.00    0.6931    0.6169
   -142.00    0.6956    0.6455
   -141.00    0.6972    0.6744
   -140.00    0.6978    0.7036
   -139.00    0.6974    0.7329
   -138.00    0.6960    0.7624
   -137.00    0.6938    0.7920
   -136.00    0.6906    0.8217
   -135.00    0.6864    0.8514
   -134.00    0.6814    0.8812
   -133.00    0.6755    0.9109
   -132.00    0.6688    0.9405
   -131.00    0.6611    0.9701
   -130.00    0.6527    0.9995
   -129.00    0.6434    1.0288
   -128.00    0.6333    1.0579
   -127.00    0.6225    1.0867
   -126.00    0.6109    1.1152
   -125.00    0.5986    1.1435
   -124.00    0.5856    1.1713
   -123.00    0.5719    1.1988
   -122.00    0.5575    1.2259
   -121.00    0.5425    1.2526
   -120.00    0.5269    1.2787
   -119.00    0.5107    1.3044
   -118.00    0.4939    1.3295
   -117.00    0.4766    1.3540
   -116.00    0.4588    1.3779
   -115.00    0.4405    1.4012
   -114.00    0.4218    1.4238
   -113.00    0.4026    1.4457
   -112.00    0.3830    1.4669
   -111.00    0.3630    1.4873
   -110.00    0.3427    1.5070
   -109.00    0.3220    1.5258
   -108.00    0.3010    1.5439
   -107.00    0.2798    1.5611
   -106.00    0.2583    1.5774
   -105.00    0.2365    1.5929
   -104.00    0.2142    1.6074
   -103.00    0.1921    1.6211
   -102.00    0.1699    1.6338
   -101.00    0.1475    1.6455
   -100.00    0.1250    1.6563
    -99.00    0.1024    1.6660
    -98.00    0.0798    1.6748
    -97.00    0.0571    1.6826
    -96.00    0.0345    1.6893
    -95.00    0.0118    1.6951
    -94.00   -0.0108    1.6998
    -93.00   -0.0334    1.7034
    -92.00   -0.0558    1.7060
    -91.00   -0.0782    1.7076
    -90.00   -0.1004    1.7081
    -89.00   -0.1225    1.7076
    -88.00   -0.1444    1.7060
    -87.00   -0.1662    1.7034
    -86.00   -0.1877    1.6998
    -85.00   -0.2090    1.6951
    -84.00   -0.2300    1.6893
    -83.00   -0.2508    1.6826
    -82.00   -0.2712    1.6748
    -81.00   -0.2914    1.6660
    -80.00   -0.3112    1.6562
    -79.00   -0.3307    1.6455
    -78.00   -0.3499    1.6337
    -77.00   -0.3686    1.6210
    -76.00   -0.3869    1.6074
    -75.00   -0.4049    1.5929
    -74.00   -0.4224    1.5774
    -73.00   -0.4394    1.5610
    -72.00   -0.4560    1.5438
    -71.00   -0.4721    1.5258
    -70.00   -0.4877    1.5069
    -69.00   -0.5028    1.4872
    -68.00   -0.5174    1.4668
    -67.00   -0.5315    1.4456
    -66.00   -0.5449    1.4237
    -65.00   -0.5579    1.4011
    -64.00   -0.5702    1.3778
    -63.00   -0.5820    1.3539
    -62.00   -0.5931    1.3293
    -61.00   -0.6036    1.3042
    -60.00   -0.6136    1.2786
    -59.00   -0.6228    1.2524
    -58.00   -0.6315    1.2258
    -57.00   -0.6394    1.1987
    -56.00   -0.6467    1.1712
    -55.00   -0.6534    1.1433
    -54.00   -0.6593    1.1150
    -53.00   -0.6646    1.0865
    -52.00   -0.6691    1.0577
    -51.00   -0.6730    1.0286
    -50.00   -0.6761    0.9993
    -49.00   -0.6785    0.9699
    -48.00   -0.6802    0.9403
    -47.00   -0.6812    0.9106
    -46.00   -0.6815    0.8808
    -45.00   -0.6810    0.8511
    -44.00   -0.6798    0.8213
    -43.00   -0.6779    0.7916
    -42.00   -0.6752    0.7620
    -41.00   -0.6718    0.7325
    -40.00   -0.6677    0.7031
    -39.00   -0.6628    0.6739
    -38.00   -0.6573    0.6450
    -37.00   -0.6510    0.6163
    -36.00   -0.6440    0.5879
    -35.00   -0.6364    0.5598
    -34.00   -0.6281    0.5321
    -33.00   -0.6191    0.5048
    -32.00   -0.6094    0.4779
    -31.00   -0.5992    0.4515
    -30.00   -0.5884    0.4255
    -29.00   -0.5771    0.4001
    -28.00   -0.5653    0.3751
    -27.00   -0.5532    0.3508
    -26.00   -0.5407    0.3270
    -25.00   -0.5280    0.3038
    -24.00   -0.5153    0.2813
    -23.00   -0.5029    0.2594
    -22.00   -0.4910    0.2381
    -21.00   -0.4801    0.2174
    -20.00   -0.4708    0.1973
    -19.00   -0.4643    0.1777
    -18.00   -0.4619    0.1587
    -17.00   -0.4661    0.1400
    -16.00   -0.4803    0.1215
    -15.00   -0.5098    0.1030
    -14.00   -0.5612    0.0842
    -13.00   -0.6406    0.0651
    -12.00   -0.7437    0.0465
    -11.00   -0.8419    0.0307
    -10.00   -0.9910    0.0079
     -9.90   -0.9795    0.0079
     -9.80   -0.9680    0.0078
     -9.70   -0.9565    0.0078
     -9.60   -0.9450    0.0078
     -9.50   -0.9335    0.0077
     -9.40   -0.9220    0.0077
     -9.30   -0.9105    0.0077
     -9.20   -0.8990    0.0076
     -9.10   -0.8875    0.0076
     -9.00   -0.8759    0.0076
     -8.90   -0.8644    0.0075
     -8.80   -0.8528    0.0075
     -8.70   -0.8413    0.0075
     -8.60   -0.8297    0.0074
     -8.50   -0.8182    0.0074
     -8.40   -0.8066    0.0074
     -8.30   -0.7950    0.0073
     -8.20   -0.7834    0.0073
     -8.10   -0.7717    0.0073
     -8.00   -0.7600    0.0072
     -7.90   -0.7483    0.0072
      0.00    0.1871    0.0064
      0.10    0.1989    0.0064
      0.20    0.2108    0.0064
      0.30    0.2226    0.0064
      0.40    0.2344    0.0064
      0.50    0.2462    0.0064
      0.60    0.2580    0.0064
      0.70    0.2698    0.0064
      0.80    0.2816    0.0064
      0.90    0.2934    0.0064
      1.00    0.3052    0.0064
      1.10    0.3170    0.0064
      1.20    0.3287    0.0064
      1.30    0.3405    0.0064
      1.40    0.3523    0.0064
      1.50    0.3640    0.0065
      1.60    0.3757    0.0065
      5.70    0.8393    0.0074
      5.80    0.8502    0.0075
      5.90    0.8612    0.0075
      6.00    0.8721    0.0075
      6.10    0.8830    0.0075
      6.20    0.8938    0.0076
      6.30    0.9047    0.0076
      6.40    0.9155    0.0076
      6.50    0.9263    0.0077
      6.60    0.9370    0.0077
      6.70    0.9477    0.0077
      6.80    0.9584    0.0078
      6.90    0.9691    0.0078
      7.00    0.9797    0.0078
      7.10    0.9903    0.0078
      7.70    1.0529    0.0080
      7.80    1.0632    0.0081
      7.90    1.0734    0.0081
      8.00    1.0836    0.0082
      8.10    1.0938    0.0082
      8.20    1.1039    0.0082
      8.30    1.1140    0.0083
      8.40    1.1241    0.0083
      8.50    1.1341    0.0084
      8.60    1.1441    0.0084
      8.70    1.1541    0.0085
      8.80    1.1640    0.0085
      8.90    1.1739    0.0085
      9.00    1.1837    0.0086
      9.10    1.1935    0.0086
      9.20    1.2032    0.0087
      9.30    1.2129    0.0087
      9.40    1.2225    0.0088
      9.50    1.2320    0.0088
      9.60    1.2415    0.0089
      9.70    1.2509    0.0089
      9.80    1.2603    0.0089
      9.90    1.2696    0.0090
     10.00    1.2788    0.0090
     10.10    1.2880    0.0091
     10.20    1.2970    0.0092
     10.30    1.2970    0.0092
     10.40    1.3026    0.0093
     10.50    1.3102    0.0094
     10.60    1.3184    0.0094
     10.70    1.3268    0.0095
     10.80    1.3354    0.0096
     10.90    1.3440    0.0096
     11.00    1.3527    0.0097
     11.10    1.3615    0.0097
     11.20    1.3702    0.0098
     11.30    1.3790    0.0099
     11.40    1.3877    0.0099
     11.50    1.3964    0.0100
     11.60    1.4049    0.0101
     11.70    1.4134    0.0101
     11.80    1.4219    0.0102
     12.00    1.4389    0.0103
     12.20    1.4554    0.0105
     12.30    1.4637    0.0106
     12.50    1.4800    0.0107
     12.60    1.4881    0.0108
     12.70    1.4961    0.0109
     12.80    1.5039    0.0110
     12.90    1.5102    0.0111
     13.00    1.5151    0.0112
     13.10    1.5215    0.0113
     13.20    1.5284    0.0114
     13.30    1.5345    0.0115
     13.40    1.5408    0.0117
     13.50    1.5477    0.0118
     13.60    1.5549    0.0119
     13.70    1.5621    0.0120
     13.80    1.5688    0.0121
     13.90    1.5746    0.0123
     14.00    1.5811    0.0124
     14.10    1.5880    0.0125
     14.20    1.5951    0.0126
     14.30    1.6023    0.0127
     14.60    1.6215    0.0131
     14.70    1.6283    0.0133
     14.80    1.6353    0.0134
     14.90    1.6415    0.0136
     15.00    1.6469    0.0137
     15.10    1.6532    0.0139
     15.20    1.6598    0.0141
     15.30    1.6664    0.0142
     15.40    1.6715    0.0144
     15.50    1.6771    0.0146
     15.60    1.6834    0.0148
     15.70    1.6899    0.0149
     15.80    1.6950    0.0152
     15.90    1.7004    0.0154
     16.00    1.7065    0.0156
     16.10    1.7128    0.0158
     16.20    1.7176    0.0160
     16.30    1.7231    0.0162
     16.40    1.7291    0.0164
     16.50    1.7346    0.0167
     16.60    1.7395    0.0169
     16.70    1.7453    0.0172
     16.80    1.7507    0.0174
     16.90    1.7556    0.0177
     17.20    1.7715    0.0185
     17.30    1.7763    0.0188
     17.50    1.7878    0.0194
     17.60    1.7929    0.0197
     17.70    1.7978    0.0201
     17.80    1.8027    0.0204
     17.90    1.8077    0.0208
     18.00    1.8125    0.0211
     18.10    1.8174    0.0215
     18.20    1.8221    0.0218
     18.30    1.8267    0.0222
     18.40    1.8315    0.0226
     18.50    1.8359    0.0230
     18.60    1.8407    0.0234
     18.70    1.8446    0.0238
     18.80    1.8494    0.0242
     18.90    1.8530    0.0246
     19.00    1.8574    0.0250
     19.10    1.8612    0.0255
     19.20    1.8652    0.0259
     19.30    1.8692    0.0263
     19.40    1.8726    0.0268
     19.50    1.8767    0.0272
     19.60    1.8793    0.0278
     19.70    1.8830    0.0282
     19.80    1.8865    0.0287
     19.90    1.8888    0.0293
     20.00    1.8924    0.0297
     20.10    1.8943    0.0303
     20.20    1.8973    0.0308
     20.30    1.8999    0.0314
     20.40    1.9018    0.0320
     20.50    1.9051    0.0325
     20.60    1.9065    0.0331
     20.70    1.9093    0.0337
     20.80    1.9117    0.0343
     20.90    1.9135    0.0349
     21.00    1.9166    0.0354
     21.10    1.9178    0.0361
     21.20    1.9206    0.0367
     21.30    1.9224    0.0374
     21.40    1.9246    0.0380
     21.50    1.9271    0.0386
     21.60    1.9282    0.0393
     21.70    1.9309    0.0399
     21.80    1.9319    0.0406
     21.90    1.9337    0.0412
     22.00    1.9365    0.0418
     22.10    1.9370    0.0426
     22.20    1.9385    0.0433
     22.30    1.9412    0.0439
     22.40    1.9436    0.0445
     22.50    1.9427    0.0454
     22.60    1.9449    0.0460
     22.70    1.9476    0.0466
     22.80    1.9488    0.0473
     22.90    1.9479    0.0482
     23.00    1.9500    0.0488
     23.10    1.9526    0.0494
     23.20    1.9526    0.0503
     23.30    1.9524    0.0511
     23.40    1.9544    0.0518
     23.50    1.9569    0.0524
     23.60    1.9552    0.0534
     23.70    1.9566    0.0541
     23.80    1.9588    0.0548
     23.90    1.9574    0.0558
     24.00    1.9588    0.0565
     24.10    1.9607    0.0572
     24.20    1.9591    0.0583
     24.30    1.9606    0.0590
     24.40    1.9606    0.0598
     24.50    1.9605    0.0607
     24.60    1.9621    0.0615
     24.70    1.9606    0.0625
     24.80    1.9617    0.0633
     24.90    1.9628    0.0641
     25.00    1.9612    0.0651
     25.10    1.9625    0.0659
     25.20    1.9624    0.0668
     25.30    1.9611    0.0679
     25.40    1.9622    0.0686
     25.50    1.9621    0.0695
     25.60    1.9592    0.0707
     25.70    1.9602    0.0715
     25.80    1.9615    0.0722
     25.90    1.9553    0.0738
     26.00    1.9555    0.0746
     26.10    1.9568    0.0754
     26.20    1.9585    0.0761
     26.30    1.9601    0.0768
     26.40    1.9575    0.0780
     26.50    1.9545    0.0792
     26.60    1.9551    0.0801
     26.70    1.9508    0.0814
     26.80    1.9494    0.0825
     26.90    1.9500    0.0833
     27.00    1.9510    0.0841
     27.10    1.9429    0.0859
     27.20    1.9435    0.0868
     27.30    1.9446    0.0875
     27.40    1.9458    0.0883
     27.50    1.9467    0.0891
     27.60    1.9362    0.0913
     27.70    1.9372    0.0921
     27.80    1.9386    0.0928
     27.90    1.9399    0.0936
     28.00    1.9411    0.0944
     28.10    1.9294    0.0966
     28.20    1.9296    0.0975
     28.30    1.9307    0.0982
     28.40    1.9320    0.0990
     28.50    1.9334    0.0998
     28.60    1.9347    0.1005
     28.70    1.9358    0.1013
     28.80    1.9236    0.1037
     28.90    1.9246    0.1045
     29.00    1.9259    0.1052
     29.10    1.9273    0.1060
     29.20    1.9285    0.1068
     29.30    1.9296    0.1075
     29.40    1.9186    0.1098
     29.50    1.9193    0.1106
     29.60    1.9202    0.1114
     29.70    1.9212    0.1122
     29.80    1.9222    0.1130
     29.90    1.9144    0.1148
     30.00    1.9141    0.1158
     30.10    1.9031    0.1181
     30.20    1.9036    0.1190
     30.30    1.9046    0.1197
     30.40    1.9059    0.1205
     30.50    1.9071    0.1213
     30.60    1.9083    0.1220
     30.80    1.9099    0.1237
     30.90    1.8946    0.1265
     31.00    1.8959    0.1273
     31.10    1.8974    0.1280
     31.20    1.8989    0.1287
     31.30    1.9003    0.1294
     31.40    1.9016    0.1301
     31.50    1.9028    0.1309
     31.60    1.9037    0.1317
     31.70    1.8870    0.1347
     31.80    1.8881    0.1355
     31.90    1.8897    0.1362
     32.00    1.8912    0.1369
     32.10    1.8927    0.1376
     32.20    1.8941    0.1383
     32.30    1.8951    0.1391
     32.40    1.8958    0.1399
     32.50    1.8801    0.1429
     32.60    1.8815    0.1436
     32.70    1.8829    0.1443
     32.80    1.8843    0.1450
     32.90    1.8856    0.1458
     33.00    1.8865    0.1466
     33.10    1.8872    0.1474
     33.20    1.8708    0.1505
     33.30    1.8720    0.1512
     33.40    1.8731    0.1520
     33.50    1.8742    0.1527
     33.60    1.8749    0.1535
     33.70    1.8753    0.1543
     33.80    1.8574    0.1576
     33.90    1.8582    0.1584
     34.00    1.8591    0.1591
     34.10    1.8599    0.1599
     34.20    1.8604    0.1607
     34.30    1.8607    0.1616
     34.40    1.8421    0.1650
     34.50    1.8434    0.1658
     34.60    1.8448    0.1665
     34.70    1.8461    0.1672
     34.80    1.8473    0.1679
     34.90    1.8485    0.1686
     35.00    1.8493    0.1694
     35.10    1.8495    0.1702
     35.30    1.8333    0.1743
     35.40    1.8344    0.1750
     35.50    1.8355    0.1757
     35.60    1.8363    0.1765
     35.70    1.8366    0.1773
     35.90    1.8046    0.1836
     36.00    1.8044    0.1846
     36.10    1.8047    0.1854
     36.20    1.8051    0.1862
     36.30    1.8053    0.1870
     36.40    1.8052    0.1879
     36.50    1.8044    0.1889
     36.80    1.7846    0.1943
     36.90    1.7839    0.1952
     37.00    1.7823    0.1963
     37.60    1.7325    0.2090
     37.70    1.7341    0.2096
     37.80    1.7356    0.2102
     37.90    1.7369    0.2109
     38.00    1.7380    0.2116
     38.10    1.7387    0.2123
     38.20    1.7390    0.2131
     38.30    1.7383    0.2140
     38.40    1.7123    0.2190
     38.50    1.7141    0.2195
     38.60    1.7160    0.2201
     38.70    1.7177    0.2206
     38.80    1.7195    0.2212
     38.90    1.7211    0.2217
     39.00    1.7227    0.2223
     39.10    1.7241    0.2229
     39.20    1.7254    0.2235
     39.30    1.7266    0.2241
     39.40    1.7273    0.2248
     39.50    1.7272    0.2256
     40.00    1.7262    0.5509
     41.00    1.7055    0.5820
     42.00    1.6849    0.6134
     43.00    1.6643    0.6449
     44.00    1.6437    0.6765
     45.00    1.6232    0.7081
     46.00    1.6027    0.7397
     47.00    1.5821    0.7713
     48.00    1.5615    0.8027
     49.00    1.5408    0.8340
     50.00    1.5200    0.8650
     51.00    1.4989    0.8959
     52.00    1.4777    0.9264
     53.00    1.4562    0.9567
     54.00    1.4344    0.9866
     55.00    1.4123    1.0161
     56.00    1.3898    1.0452
     57.00    1.3669    1.0739
     58.00    1.3436    1.1020
     59.00    1.3198    1.1297
     60.00    1.2956    1.1568
     61.00    1.2708    1.1834
     62.00    1.2455    1.2094
     63.00    1.2197    1.2347
     64.00    1.1933    1.2594
     65.00    1.1664    1.2834
     66.00    1.1388    1.3067
     67.00    1.1107    1.3293
     68.00    1.0820    1.3511
     69.00    1.0527    1.3722
     70.00    1.0228    1.3925
     71.00    0.9923    1.4119
     72.00    0.9612    1.4306
     73.00    0.9296    1.4483
     74.00    0.8973    1.4653
     75.00    0.8646    1.4813
     76.00    0.8312    1.4964
     77.00    0.7974    1.5106
     78.00    0.7631    1.5239
     79.00    0.7282    1.5362
     80.00    0.6929    1.5476
     81.00    0.6572    1.5580
     82.00    0.6210    1.5675
     83.00    0.5845    1.5759
     84.00    0.5476    1.5834
     85.00    0.5104    1.5899
     86.00    0.4729    1.5953
     87.00    0.4351    1.5998
     88.00    0.3971    1.6033
     89.00    0.3589    1.6057
     90.00    0.3206    1.6072
     91.00    0.2821    1.6076
     92.00    0.2436    1.6070
     93.00    0.2050    1.6054
     94.00    0.1665    1.6029
     95.00    0.1279    1.5993
     96.00    0.0895    1.5947
     97.00    0.0512    1.5892
     98.00    0.0131    1.5826
     99.00   -0.0248    1.5751
    100.00   -0.0625    1.5667
    101.00   -0.0999    1.5573
    102.00   -0.1369    1.5470
    103.00   -0.1735    1.5357
    104.00   -0.3209    1.5236
    105.00   -0.3540    1.5105
    106.00   -0.3867    1.4966
    107.00   -0.4189    1.4819
    108.00   -0.4506    1.4663
    109.00   -0.4817    1.4499
    110.00   -0.5121    1.4327
    111.00   -0.5419    1.4147
    112.00   -0.5709    1.3960
    113.00   -0.5992    1.3766
    114.00   -0.6267    1.3564
    115.00   -0.6534    1.3356
    116.00   -0.6791    1.3141
    117.00   -0.7040    1.2920
    118.00   -0.7279    1.2693
    119.00   -0.7508    1.2461
    120.00   -0.7727    1.2222
    121.00   -0.7935    1.1979
    122.00   -0.8133    1.1731
    123.00   -0.8319    1.1479
    124.00   -0.8494    1.1222
    125.00   -0.8657    1.0962
    126.00   -0.8809    1.0697
    127.00   -0.8948    1.0430
    128.00   -0.9075    1.0160
    129.00   -0.9190    0.9887
    130.00   -0.9292    0.9612
    131.00   -0.9381    0.9335
    132.00   -0.9458    0.9056
    133.00   -0.9521    0.8776
    134.00   -0.9572    0.8495
    135.00   -0.9609    0.8214
    136.00   -0.9633    0.7932
    137.00   -0.9644    0.7651
    138.00   -0.9642    0.7370
    139.00   -0.9627    0.7090
    140.00   -0.9599    0.6811
    141.00   -0.9559    0.6534
    142.00   -0.9505    0.6258
    143.00   -0.9439    0.5985
    144.00   -0.9360    0.5714
    145.00   -0.9269    0.5447
    146.00   -0.9166    0.5182
    147.00   -0.9051    0.4921
    148.00   -0.8925    0.4663
    149.00   -0.8789    0.4410
    150.00   -0.8641    0.4162
    151.00   -0.8483    0.3918
    152.00   -0.8316    0.3679
    153.00   -0.8140    0.3446
    154.00   -0.7957    0.3218
    155.00   -0.7766    0.2997
    156.00   -0.7570    0.2781
    157.00   -0.7371    0.2572
    158.00   -0.7170    0.2370
    159.00   -0.6971    0.2175
    160.00   -0.6779    0.1988
    161.00   -0.6601    0.1807
    162.00   -0.6447    0.1635
    163.00   -0.6334    0.1471
    164.00   -0.6286    0.1314
    165.00   -0.6342    0.1167
    166.00   -0.6557    0.1027
    167.00   -0.6992    0.0897
    168.00   -0.7662    0.0775
    169.00   -0.8408    0.0663
    170.00   -0.8846    0.0560
    171.00   -0.8667    0.0466
    172.00   -0.7974    0.0381
    173.00   -0.7066    0.0307
    174.00   -0.6123    0.0242
    175.00   -0.5179    0.0187
    176.00   -0.4235    0.0141
    177.00   -0.3291    0.0106
    178.00   -0.2347    0.0081
    179.00   -0.1403    0.0066
    180.00   -0.0459    0.0061
    180.00   -0.0459    0.0060
